00000000000000000000000000000000000000000000000000000000000000000000000000000000
00000000000000000000000000000000000000000000000000000000000000000000000000000000
00000000000000000000000000000000000000000000000000000000000000000000000000000000
00000000000000000000000000000000000000000000000000000000000000000000000000000000
00000000000000000000000000000000000000000000000000000000000000000000000000000000
00000000000000000000000000000000000000000000000000000000000000000000000000000000
00000000000000000010000000000000000000000000000000000000000000000000000000000000
00000000000000000010000000000000000000000000000000000000000000000000000000000000
00000000000000000010000000000000000000000000000000000000000000000000000000000000
00000000000000000000000000000000000000000000000000000000000000000000000000000000
00000000000000000000000000000000000000000000000000000000000000000000000000000000
00000000000000000000000000000000000000000000000000000000000000000000000000000000
00000000000000000000000000000000000000000000000000000000000000000000000000000000
00000000000000000000000000000000000000001000000000000000000000000000000000000000
00000000000000000000000000000000000000001000000000000000000000000000000000000000
00000000000000000000000000000000000000001000000000000000000000000000000000000000
00000000000000000000000000000000000000000000000000000000000000000000000000000000
00000000000000000000000000000000000000000000000000000000000000000000000000000000
00000000000000000000001000000000000000000000000000000000000000000000000000000000
00000000000000000000001000000000000000000000000000000000000000000011011000000000
00000000000000000000001000000000000000000000000000000000000000000100000100000000
00000000000000000000000100001000000000000000000000000000000000000010000001000000
00000000000000000000000010110000000000000000000000000000000000000001110001000000
00000000000000000000000001001000000000000000000000000000000000000000000001000000
00000000000000000000000000000000000000000000000000000000000000000000000000000000
00000000000000000000000000000000000000000000000000000000000000000000000000000000