00000000000000000000000000000000000000000000000000000000000000000000000000000000
00000000000000000000000010000000000000000000000000000100000001000000000000000000
00000000000000000000000000000000000000000000000000000000000000000000000000000000
00000000000000000000000000000000000000010000000000000000000000001000000000000000
00000000000000000000000000000000000000000000000000000000000000000000000000000000
00000000000001000000000000000000000000000000000000000010000000000000000000000000
00000000000001000000000010000000000000000000000000000000000000011000000000000000
00000000000001000000000000000000000000000000000000000000000000011000000000000000
00000000000000000000000000000000000000000000000000000000000000000000000000000000
00000000000000000000000000000000000000000000000000000000000000000000000000000000
00000000000111000000000000100000000000000000000000000000000000000000000000000000
00000000000000000000000000000000000000000000000000010000000000000000000000000000
00000000000000000000000000001000000000000000000000000000000000000000000000000000
00000000000000010000000000001000000000000000000000000000011100000000000000000000
00000000000000000000000000001000000000000000000000000000000000000000000000000000
00000000000000000000000000000000000000000000000000000000000000000000010000000000
00000000000001000000000000000000000000000000000000000000000000000000000000000000
00000000000000000000000000111110000000000000000000000000000000000000000000000000
00000000000000000000000000000000000000000000000000110110000000000000000001000000
00000000000000000000000000000000000000000000000001000001000000000000000000000000
00000000010000000000000000000000000000000000000001000000100000000000000000000000
00000000000000000010000000000000000000000000000001110001000000000000000000000000
00000000010000000000000000000000000000000000000000000010000000000000000000000000
00000000000000000000000000000000111111111111111111111111111111000000000000000000
00000000000000000000000000000000000000000000000000000000000000000000000000000000