00000000000000000000000000000000000000000000000000000000000000000000000000000000
00000000000000000000000000000000000000000000000000000000000000000000000000000000
00000000000000000000000000000000000000000000001100000000000000000000000000000000
00000000000000000000000000000000000000000000001100000000000000000000000000000000
00000000000000000000000000000000000000000000000000000000000000000000000000000000
00000000000001000000000000000000000000000000000000000000000000000000000000000000
00000000000001000000000000000000000000000000000000000000000000011000000000000000
00000000000001000000000000000000000000000000000000000000000000011000000000000000
00000000000000000000000000000000000000000000000000000000000000000000000000000000
00000000000000000000000000000000000000000000000000000000000000000000000000000000
00000000000000000000000000000000000000000000000000000000000000000000000000000000
00000000000000000000000000000000000000000000000000000000000000000000000000000000
00000000000000000000000000001000000000000000000000000000000000000000000000000000
00000000000000000000000000001000000000000000000000000000000000000000000000000000
00000000000000000000000000001000000000000000000000000000000000000100000000000000
00000000000000000000000000000000000000000000000000000000000000010100000000000000
00000000000000000000000000000000001100000000000000000000000001100000000000110000
00000000000000000000000000000000010010000000000000000000000001100000000000110000
00000000000000000000001100000000100001000000000000000000000001100000000000000000
00000000000000000000001100000000100101100000000000000000000000010100000000000000
00000000000000000000000000000000100001000000000000000000000000000100000000000000
00000000000000000000000000000000010001000000000000000000000000000000000000000000
00000000000000000000000000000000001100000000000000000000000000000000000000000000
00000000000000000000000000000000000000000000000000000000000000000000000000000000
00000000000000000000000000000000000000000000000000000000000000000000000000000000